1;

senal1 = [1 2 3];
senal2 = [3 4 5];
senal3 = [5 6 7];

